180
180.905599469925
181.809731300202
182.710930229679
183.607735750347
184.498694474274
185.382362489013
186.257307697639
187.122112139651
187.975374288957
188.815711325222
189.64176137491
190.452185718373
191.245670959415
192.020931153819
192.776709893386
193.511782342105
194.224957221152
194.915078739515
195.581028467096
196.221727147275
196.836136445978
197.423260634436
197.982148202883
198.511893402608
199.011637713829
199.480571237038
199.917934005545
200.323017217103
200.69516438261
201.033772390035
201.33829248184
201.608231144307
201.843150907343
202.042671053458
202.206468234762
202.334276996994
202.425890209726
202.48115940204
202.49999500315
202.482366487556
202.428302424521
202.337890431766
202.211277033479
202.048667422847
201.850325129521
201.61657159253
201.347785639346
201.04440287195
200.706914960879
200.335868848413
199.931865862186
199.495560740656
199.027660572018
198.528923648279
198.000158236347
197.442221268132
196.856016951777
196.242495306277
195.602650621846
194.937519848549
194.248180915786
193.535750985373
192.801384641041
192.046272017278
191.271636870571
190.478734596151
189.668850193461
188.843296183653
188.003410482481
187.150554232036
186.286109594838
185.411477513872
184.528075442176
183.637335045679
182.740699883002
181.839623065988
180.935564904749
180.029990541046
179.124367573839
178.220163680857
177.318844240038
176.421869954697
175.530694486268
174.646762098462
173.771505316654
172.906342606288
172.052676074078
171.21188919571
170.385344573749
169.574381729361
168.78031493145
168.00443106672
167.247987554108
166.512210306975
165.798291746361
165.107388868509
164.440621369809
163.799069832184
163.183773971872
162.59573095443
162.035893778702
161.50516973236
161.004418921531
160.534452876886
160.096033238446
159.689870521252
159.316622963882
158.976895461693
158.671238586508
158.400147694346
158.164062122637
157.963364478212
157.798380017248
157.669376118143
157.5765618482
157.5200876248
157.500044971639
157.516466370397
157.5693252081
157.658535820246
157.78395362964
157.945375380699
158.14253946885
158.375126364495
158.642759130855
158.945004034835
159.281371249951
159.651315650154
160.054237693276
160.489484392665
160.956350375433
161.454079025605
161.981863710309
162.538849087029
163.124132489796
163.736765392075
164.375754943972
165.040065581276
165.728620703721
166.440304419754
167.173963354984
167.928408521365
168.702417244112
169.494735143196
170.304078166226
171.129134669426
171.968567543315
172.821016379667
173.685099676228
174.559417075612
175.442551634762
176.333072121288
177.229535332961
178.130488436606
179.034471322606
179.940018971192
180.845663826698
181.749938175924
182.651376526748
183.548517983147
184.439908612764
185.324103803191
186.19967060315
187.065190044772
187.919259443214
188.760494669893
189.58753239564
190.399032300151
191.193679244146
191.970185400722
192.727292342437
193.463773080759
194.178434054552
194.870117064396
195.537701149598
196.180104404851
196.796285733601
197.385246535276
197.946032323646
198.47773427369
198.979490694463
199.450488425576
199.889964155027
200.297205656245
200.671552942345
201.012399335719
201.319192451237
201.591435091457
201.828686052397
202.030560838561
202.196732286064
202.326931092845
202.420946255101
202.47862540925
202.499875078854
202.484660826107
202.433007307649
202.344998234608
202.220776236931
202.060542632237
201.864557099555
201.633137258482
201.366658154438
201.06555165086
200.730305729308
200.361463698632
199.959623314471
199.525435810508
199.05960484307
198.562885350758
198.036082330974
197.480049535323
196.895688085991
196.283945015373
195.645811731274
194.982322410216
194.294552321417
193.583616084181
192.850665861516
192.096889492906
191.323508569267
190.531776453198
189.722976247753
188.898418717004
188.059440161783
187.207400254033
186.34367983329
185.469678668851
184.586813191275
183.69651419687
182.800224528909
181.899396739317
180.995490734625
180.089971410005
179.18430627522
178.279963076336
177.378407417054
176.481100383511
175.589496176402
174.705039754265
173.829164491738
172.963289856593
172.108819109308
171.267137028905
170.439607668734
169.627572145858
168.832346467594
168.055219398759
167.297450373059
166.560267452022
165.844865334759
165.152403421807
164.484003936173
163.840750104622
163.223684402177
162.63380686265
162.072073457963
161.539394548869
161.036633409601
160.564604828822
160.124073789157
159.715754227444
159.340307877702
158.998343198711
158.690414387926
158.417020483328
158.178604554672
157.975552985432
157.808194846619
157.676801363481
157.581585475944
157.522701493521
157.500244845229
157.514251924935
157.564700032377
157.651507409951
157.77453337521
157.93357854886
158.128385177874
158.358637553221
158.623962521506
158.92393008972
159.25805412209
159.625793127932
160.026551139201
160.459678676335
160.924473800821
161.420183252772
161.946003671686
162.50108289839
163.084521356075
163.695373508176
164.332649390731
164.99531621675
165.682300049972
166.39248754532
167.124727753219
167.877833984854
168.650585735352
169.441730661769
170.249986612668
171.07404370601
171.912566451986
172.764195917349
173.62755192774
174.501235304432
175.383830131886
176.273906052413
177.170020584262
178.070721459337
178.97454897679
179.880038368646
180.785722173653
181.690132615487
182.591803981471
183.489274997951
184.381091198476
185.265807280947
186.141989449912
187.008217740218
187.863088318243
188.70521575699
189.533235281347
190.345804979879
191.141607979568
191.919354579975
192.677784343362
193.415668137393
194.131810127102
194.825049712893
195.494263411444
196.138366676451
196.756315656276
197.347108885644
197.90978890864
198.443443830396
198.947208794925
199.420267386737
199.861852953941
200.271249850706
200.647794597051
200.990876954105
201.299940913073
201.57448559632
201.814066069109
202.018294060673
202.186838593457
202.319426519512
202.415842963162
202.475931669242
202.499595256325
202.486795374547
202.437552767749
202.351947239869
202.230117525602
202.072261065567
201.878633686325
201.649549185784
201.385378824648
201.086550724739
200.753549175174
200.386913847512
199.987238921146
199.555172120359
199.091413664608
198.596715133723
198.071878249882
197.517753578312
196.935239148843
196.325279000536
195.688861651745
195.027018498098
194.340822140988
193.631384649287
192.899855757095
192.147421000447
191.375299796004
190.584743464833
189.777033204475
188.953478012608
188.115412565645
187.264195055721
186.401204989572
185.527840952861
184.6455183436
183.755667078311
182.859729274663
181.959156914341
181.05540948992
180.149951639572
179.244250773433
178.339774695477
177.437989224752
176.540355819834
175.648329210344
174.763355039378
173.886867520651
173.020287114176
172.165018224222
171.322446923304
170.493938705868
169.680836275338
168.884457368093
168.106092617904
167.3470034643
166.608420108242
165.891539518427
165.197523491445
164.527496768942
163.88254521483
163.263714055508
162.672006185937
162.108380544321
161.573750558026
161.068982663254
160.594894900872
160.152255590674
159.741782086216
159.364139612259
159.019940186682
158.709741628632
158.434046654507
158.193302063238
157.987898012194
157.818167384884
157.684385251477
157.586768423012
157.525475100032
157.500604616199
157.51219727731
157.560234295975
157.644637822069
157.765271068894
157.921938534859
158.114386320319
158.342302539049
158.605317823695
158.903005924384
159.234884399514
159.60041539761
159.999006528989
160.430011825793
160.89273278887
161.386419519778
161.910271936091
162.463441068038
163.045030434362
163.654097495185
164.289655179516
164.950673484923
165.636081146784
166.34476737441
167.075583651219
167.827345596062
168.598834882653
169.388801214031
170.195964348824
171.019016176041
171.856622835035
172.707426877196
173.570049465867
174.443092610926
175.32514143441
176.2147664635
177.110525947172
178.010968192732
178.914633918472
179.820058618623
180.725774936773
181.630315043907
182.532213017209
183.430007215778
184.322242649406
185.207473336571
186.084264647842
186.95119563087
187.806861313232
188.649874979361
189.478870417901
190.292504135824
191.089457535732
191.868439052814
192.628186247994
193.367467853869
194.08508577014
194.779877005283
195.45071556133
196.096514258689
196.716226498056
197.308847956569
197.873418215435
198.409022316415
198.91479224463
199.389908335289
199.833600602063
200.245149984944
200.623889515572
200.969205398147
201.280538004162
201.557382779349
201.799291061378
202.005870806969
202.176787227251
202.311763330327
202.410580370175
202.473078201157
202.499155537553
202.488770117706
202.441938772518
202.358737398166
202.239300833108
202.083822639558
201.892554789793
201.665807257803
201.403947516935
201.107399944356
200.776645133296
200.412219114188
200.014712485958
199.584769458886
199.12308681058
198.630412756761
198.107545738681
197.55533312915
196.974669859257
196.366496968021
195.731800077318
195.071607794555
194.386990045677
193.67905634122
192.948953978203
192.19786618079
191.427010182723
190.637635254637
189.831020679462
189.008473679177
188.171327296292
187.320938233481
186.458684654874
185.585963952564
184.704190481957
183.814793269624
182.919213697386
182.018903166366
181.115320744812
180.209930803488
179.304200642474
178.39959811322
177.497589239706
176.599635842559
175.70719316999
174.821707539377
173.944613993321
173.077333973979
172.221273019434
171.37781848584
170.548337299038
169.734173739271
168.936647262614
168.15705036262
167.396646475675
166.656667933434
165.938313965669
165.24274875677
164.57109955903
163.924454865788
163.303862647391
162.710328652822
162.144814779755
161.608237515675
161.101466452597
160.625322877778
160.180578442718
159.767953912598
159.38811799819
159.041686272124
158.729220171276
158.451226086885
158.208154543885
158.000399470767
157.828297561173
157.692127728236
157.592110652568
157.528408424621
157.501124281993
157.510302442124
157.555928030632
157.637927105421
157.756166776515
157.910455421419
158.10054299567
158.326121438067
158.586825169922
158.882231687529
159.21186224688
159.575182639539
159.971604058388
160.400484051867
160.86112756515
161.352788066567
161.874668757457
162.425923863479
163.005660005302
163.612937646436
164.24677261587
164.906137703055
165.589964322618
166.297144246151
167.026531398233
167.776943713791
168.547165053787
169.335947176131
170.14201175861
170.964052470579
171.800737090033
172.650709662644
173.512592699257
174.384989408291
175.266485959412
176.155653774833
177.051051844499
177.951229061435
178.854726573447
179.760080147376
180.665822542081
181.570485886286
182.472604057452
183.370715057821
184.263363383766
185.149102384622
186.026496607169
186.894124121964
187.750578827765
188.594472730293
189.424438191654
190.239130146775
191.03722828325
191.817439181078
192.57849840881
193.31917257273
194.038261315719
194.734599262592
195.407057908736
196.054547448995
196.676018543841
197.270464019958
197.836920502503
198.374469976369
198.882241273951
199.359411486985
199.805207300173
200.21890624444
200.59983786779
200.947384821856
201.260983862392
201.540126762086
201.784361134203
201.993291165737
202.166578258878
202.303941579749
202.405158513539
202.470065025275
202.498555925661
202.490585041553
202.446165290786
202.365368661243
202.248326094185
202.095227272045
201.906320311028
201.681911358999
201.422364099338
201.128099161542
200.799593439539
200.437379318825
200.042043813662
199.614227615749
199.154624055896
198.663977980393
198.143084543897
197.592787920774
197.013979937014
196.407598624908
195.774626702848
195.116089982709
194.433055707386
193.726630821194
192.997960175918
192.248224675441
191.478639361935
190.69045144673
189.884938289047
189.063405325879
188.227183956359
187.377629384059
186.516118420709
185.644047254902
184.762829189384
183.873892350623
182.978677374345
182.078635070799
181.175224073535
180.269908475504
179.364155456302
178.459432904424
177.557207038362
176.658940030406
175.766087637015
174.880096839571
174.002403499363
173.134430030591
172.277583095161
171.43325132301
170.602803061655
169.787584158608
168.988915780262
168.208092270769
167.44637905439
166.705010584717
165.985188344077
165.288078896384
164.614811996566
163.966478759657
163.344129892504
162.748773990963
162.181375905341
161.642855176731
161.13408454678
160.655888543299
160.20904214401
159.794269520597
159.41224286509
159.063581300497
158.74884987743
158.468558658374
158.223161891061
158.013057272308
157.838585303494
157.700028738735
157.59761212665
157.531501446442
157.501803838917
157.508567432842
157.551781266949
157.631375307697
157.747220562775
157.899129290145
158.086855302306
158.310094365268
158.568484691608
158.861607526788
159.1889878278
159.550095033038
159.944343922138
160.371095564402
160.829658354269
161.319289132147
161.839194388801
162.388531551334
162.966410348688
163.571894254435
164.204002004545
164.861709187644
165.543949905209
166.249618498986
166.977571342857
167.726628696229
168.495576615955
169.283168923682
170.088129225447
170.909152980231
171.744909614139
172.594044676761
173.455182036236
174.326926109445
175.207864123737
176.096568406502
176.991598698902
177.89150448999
178.794827367453
179.700103381151
180.605865415637
181.510645567806
182.412977525818
183.311398945447
184.20445381999
185.09069483992
185.968685738429
186.837003619086
187.694241261821
188.539009403507
189.369938989434
190.185683392042
190.984920593298
191.766355327202
192.528721178923
193.270782637192
193.991337096603
194.689216806592
195.363290763919
196.012466545612
196.635692079372
197.231957348592
197.80029602922
198.339787055808
198.849556114216
199.328777058553
199.77667325005
200.1925188157
200.575639824633
200.925415380302
201.241278626729
201.522717667165
201.769276393687
201.980555226376
202.156211760888
202.295961323365
202.399577431787
202.46689216301
202.497796424911
202.492240133187
202.450232292517
202.371840981974
202.257193244694
202.106474881982
201.919930152203
201.697861374926
201.440628440979
201.148648229196
200.822393930817
200.462394282618
200.069232710026
199.643546381602
199.186025176432
198.697410566085
198.178494412967
197.630117687006
197.053169102752
196.448583679101
195.817341223981
195.160464746441
194.479018798744
193.774107751114
193.04687400197
192.298496126521
191.530186966733
190.743191665766
189.938785650058
189.118272562335
188.282982148894
187.434268104572
186.573505878918
185.702090447098
184.821434049158
183.932963901311
183.038119882952
182.138352203146
181.235119050379
180.329884229381
179.42411478884
178.519278643865
177.616842197037
176.718267961922
175.825012192879
174.938522525011
174.060235628091
173.191574878252
172.333948051229
171.488745040872
170.657335606651
169.841067153781
169.041262549585
168.259217979613
167.496200847013
166.753447718538
166.032162320532
165.333513588142
164.658633770905
164.008616597791
163.384515504683
162.787341927142
162.218063661252
161.677603295178
161.166836713997
160.686591680215
160.237646492269
159.820728723197
159.436514041513
159.0856251162
158.768630607594
158.486044245797
158.238323998116
158.025871326863
157.849030538735
157.708088226825
157.603272806158
157.534754143515
157.502643282143
157.506992261795
157.547794034396
157.624982475458
157.738432491251
157.887960221529
158.0733233375
158.294221434551
158.550296519092
158.841133588729
159.166261304832
159.525152756396
159.917226313967
160.341846572251
160.798325379866
161.285922954582
161.803849082227
162.351264397337
162.927281743452
163.530967610864
164.161343649494
164.817388254429
165.498038221564
166.20219047066
166.928703833031
167.676400900946
168.444069935774
169.230466831761
170.034317132258
170.854318095147
171.689140804098
172.537432322245
173.397817884798
174.268903127022
175.149276343986
176.037510778406
176.932166932892
177.831794902838
178.734936726173
179.640128746179
180.545903983532
181.45079451373
182.353333846052
183.252059300194
184.145514376727
185.032251117546
185.910832452462
186.779834528169
187.63784901577
188.483485393162
189.315373198548
190.13216425145
190.932534837607
191.715187854221
192.47885491208
193.222298391144
193.944313446266
194.643729959798
195.319414437916
195.970271847592
196.595247391235
197.193328216122
197.763545055862
198.30497380121
198.816736997706
199.298005267702
199.747998654476
200.165987886249
200.551295558066
200.903297229614
201.221422437209
201.505155618305
201.754036947031
201.967663079395
202.145687806952
202.287822617888
202.393837164579
202.463559636909
202.496877040701
202.493735380847
202.454139748808
202.378154314363
202.265902221619
202.117565389435
201.933384216598
201.713657192233
201.458740412057
201.169047001283
200.845046445096
200.487263827796
200.096278981826
199.672725548087
199.217289949033
198.730710276243
198.213775094248
197.667322162558
197.092237077969
196.489451839337
195.85994333716
195.204731770397
194.524878993107
193.821486793581
193.095695108749
192.348680176769
191.581652630786
190.795855536939
189.992562379819
189.173074998624
188.338721477359
187.490853992511
186.630846621669
185.76009311666
184.880004644795
183.99200750189
183.097540800774
182.19805413902
181.295005249691
180.389857638893
179.48407821398
178.57913490624
177.676494291927
176.777619215486
175.883966418826
174.996984180486
174.118109968511
173.248768110855
172.390367487073
171.544299245054
170.711934546483
169.894622344707
169.093687198574
168.310427125824
167.546111499481
166.801978990673
166.079235561208
165.379052509158
164.702564570619
164.050868080731
163.425019196922
162.826032187272
162.254877786762
161.712481624075
161.199722721492
160.717432070331
160.266391284214
159.847331332362
159.460931354972
159.107817562576
158.788562221192
158.503682724892
158.253640757298
158.038841543366
157.859633192667
157.71630613523
157.609092650866
157.538166492723
157.503642605704
157.505576940178
157.543966361309
157.618748654135
157.729802624396
157.876948294944
158.059947197419
158.278502758718
158.53226078163
158.820810018855
159.143682839487
159.500355986867
159.890251426589
160.312737283275
160.767128864614
161.252689770992
161.76863308892
162.31412266633
162.888274467666
163.490158006573
164.118797853876
164.773175218381
165.45222959796
166.154860498229
166.879929216039
167.626260684892
168.392645379285
169.177841274901
169.980575861466
170.799548205019
171.633431056237
172.480873001417
173.340500652609
174.210920873371
175.090723036521
175.978481310245
176.87275696883
177.772100724312
178.675055075226
179.580156668678
180.485938671891
181.390933149398
182.293673442019
183.192696543767
184.086545472838
184.973771632837
185.852937160411
186.722617255493
187.581402490371
188.427901093845
189.260741206773
190.07857310534
190.880071388462
191.663937125763
192.428899962662
193.173720179145
193.897190698886
194.598139045469
195.27542924254
195.927963654798
196.554684766855
197.154576897072
197.726667843606
198.270030459981
198.783784157653
199.267096333114
199.71918371723
200.139313644633
200.526805241096
200.881030526977
201.201415434943
201.487440740314
201.738642902537
201.954614816413
202.135006471862
202.279525521156
202.387937752712
202.460067470656
202.495797779565
202.495070773908
202.45788763189
202.384308613544
202.274452963071
202.128498715587
201.9466824086
201.729298698665
201.47669988386
201.189295332837
200.867550821394
200.51198777762
200.123182436857
199.701764907837
199.248418151511
198.763876874219
198.248926337013
197.704401083031
197.131183585022
196.530202815179
195.902432739629
195.248890739986
194.570635964565
193.868767611888
193.144423149299
192.398776469547
191.633035988347
190.848442685988
190.046268096162
189.227812245285
188.394401545637
187.54738664574
186.688140241462
185.818054851386
184.938540560057
184.051022732758
183.156939705526
182.257740454142
181.354882245883
180.449828277833
179.544045305584
178.639001266175
177.736162899107
176.83699336931
175.942949895891
175.055481390531
174.176026109333
173.306009321949
172.446841001742
171.599913540751
170.766599493138
169.948249350787
169.146189354666
168.361719345475
167.596110657095
166.850604056228
166.126407731572
165.424695335801
164.74660408351
164.093232908211
163.465640681376
162.864844496395
162.291818020247
161.747489915554
161.232742335556
160.748409494476
160.295276315566
159.874077159039
159.485494631943
159.130158481912
158.80864457658
158.521473970308
158.269112059755
158.051967829643
157.87039318994
157.724682405548
157.615071619413
157.541738469817
157.504801802499
157.504321478047
157.54029827489
157.61267388803
157.72133102354
157.866093588649
158.046726977123
158.262938449477
158.514377607395
158.800636961595
159.12125259222
159.475704900674
159.863419451704
160.283767904343
160.736069030214
161.219589817555
161.733546659149
162.277106622268
162.84938879854
163.44946573158
164.076364920046
164.729070393706
165.406524359943
166.107628918047
166.831247838504
167.576208404395
168.341303311943
169.125292627092
169.92690579499
170.744843699075
171.577780766467
172.424367116225
173.283230747003
174.152979760549
175.03220461746
175.919480421519
176.813369228919
177.712422378636
178.615182840169
179.520187574847
180.425969906865
181.331061900223
182.233996737703
183.133311098034
184.027547527391
184.915256801385
185.795000273715
186.66535220768
187.524902086767
188.372256900574
189.20604340236
190.024910334565
190.827530618701
191.612603506047
192.378856685682
193.125048346424
193.849969189347
194.552444387602
195.231335490378
195.885542267899
196.514004494496
197.115703666833
197.689664654522
198.234957280449
198.750697828242
199.236050474447
199.690228643089
200.112496280415
200.502169047765
200.858615430634
201.181257762114
201.469573159083
201.723094369603
201.941410530161
202.124167831523
202.271070092133
202.381879238108
202.456415689068
202.494558649171
202.496246302878
202.461475915129
202.39030383578
202.28284540828
202.139274782741
201.959824633704
201.744785783064
201.494506728755
201.209393079961
200.88990689978
200.536565956386
200.149942883924
199.730664254482
199.279409562649
198.796910124311
198.283947891454
197.741354184919
197.170008347133
196.570836317027
195.94480912943
195.292941341388
194.616289387939
193.91594987003
193.193057777329
192.448784648837
191.684336674254
190.900952739195
190.099902417419
189.282483913321
188.450021958029
187.603865662503
186.745386331133
185.875975239363
184.997041378951
184.110009174517
183.216316175084
182.317410724344
181.414749613432
180.509795720011
179.604015637489
178.698877298221
177.795847594535
176.896390001443
176.0019622049
175.114013739428
174.233983638969
173.363298104741
172.503368193899
171.655587532735
170.821330058131
170.001947790916
169.198768644748
168.413094274052
167.646197964532
166.899322569643
166.173678496389
165.470441743706
164.790751996605
164.135710779162
163.506379669365
162.903778578686
162.328884099187
161.782627920824
161.265895321531
160.779523732506
160.324301381052
159.900966013153
159.510203697863
159.15264771544
158.828877531038
158.539417855609
158.284737795541
158.065250092411
157.881310454086
157.733216978253
157.621209669309
157.545470049411
157.506120864289
157.503225884326
157.536789801206
157.606758220315
157.713017748888
157.855396179783
158.033662770561
158.247528617436
158.496647123476
158.780614560314
159.098970722435
159.451199673002
159.836730579998
160.254938641329
160.705146097398
161.186623329498
161.698590042259
162.240216528207
162.810625012421
163.40889107507
164.034045149561
164.68507409384
165.360922832322
166.060496065773
166.782660046386
167.526244415159
168.290044098615
169.072821261779
169.873307314242
170.690204966079
171.522190330272
172.367915068235
173.226008574973
174.095080200321
174.97372150267
175.860508531527
176.754004135206
177.652760289922
178.555320446492
179.460221890864
180.365998114629
181.271181191686
182.174304157204
183.073903385027
183.968520959665
184.856707039034
185.73702220411
186.608039791691
187.468348206487
188.316553208792
189.151280174024
189.971176320486
190.774912901713
191.561187359884
192.328725436777
193.076283238872
193.802649253235
194.506646310933
195.187133494786
195.843007988367
196.473206863257
197.076708801662
197.652535751581
198.199754511868
198.717478244605
199.204867912335
199.661133637826
200.085535984176
200.477387153155
200.836052099879
201.160949561974
201.451553001592
201.707391458728
201.928050314475
202.113171962964
202.26245639091
202.375661663824
202.452604318097
202.493159658327
202.497261959404
202.464904573023
202.396139938466
202.291079497606
202.149893514313
201.972810798512
201.760118335369
201.512160820196
201.229340099827
200.912114521377
200.560998189426
200.176560132851
199.759423382644
199.310263962205
198.829809791763
198.318839508688
197.77818120561
197.20871108839
196.611352056112
195.987072205412
195.336883261552
194.661838938789
193.963033232698
193.241598647211
192.498704359252
191.735554323932
190.953385323391
190.15346496243
189.337089614201
188.505582319262
187.660290641425
186.802584483856
185.933853868973
185.055506685732
184.168966407971
183.27566978748
182.377064525571
181.474606926882
180.56975953926
179.663988783506
178.758762576861
177.855547954052
176.955808689778
176.061002926474
175.17258081121
174.291982145536
173.420634052102
172.559948661825
171.71132082535
170.876125852513
170.055717283479
169.251424695158
168.464551546453
167.696373065839
166.948134184693
166.221047519724
165.516291407771
164.835007996161
164.178301391707
163.54723587137
162.942834157456
162.366075760166
161.817895390174
161.29918144381
160.810774563301
160.3534662744
159.927997703617
159.535058377134
159.175285103335
158.849260940778
158.557514253274
158.300517853607
158.078688237277
157.892384907522
157.741909792691
157.627506756934
157.549361204987
157.507599781701
157.5022901668
157.533440965192
157.601001693028
157.704862859518
157.844856144369
158.020754670578
158.232273372108
158.479069455878
158.760742957302
159.076837388481
159.426840478002
159.810185001139
160.226249699113
160.674360285922
161.153790541103
161.663763486673
162.203452646314
162.771983384788
163.368434325392
163.99183884317
164.641186631449
165.31542533917
166.013462276362
166.73416618498
167.476369072257
168.238868103584
169.020427551856
169.819780800129
170.63563239433
171.466660142713
172.31151725863
173.168834543178
174.03722260416
174.91527410777
175.801566059359
176.694662109577
177.593114882167
178.495468319615
179.400260042884
180.306023721381
181.211291449338
182.114596124735
183.014473826933
183.909466189137
184.798122761875
185.679003363625
186.550680414824
187.411741251438
188.260790414363
189.096451910949
189.91737144497
190.722218611432
191.509689052667
192.278506572212
193.027425203045
193.755231226836
194.460745140932
195.142823569893
195.800361118477
196.432292163073
197.037592578682
197.615281398641
198.164422404409
198.684125642821
199.173548868378
199.631898908209
200.058432947513
200.452459733381
200.813340695061
201.140490978846
201.433380395903
201.691534281506
201.914534264303
202.102018944327
202.2536844787
202.369285074046
202.448633384829
202.491600816974
202.498117736267
202.468173581208
202.401816880125
202.299155172532
202.160354834842
201.985640810737
201.775296246616
201.529662032721
201.24913625068
200.934173528364
200.585284303109
200.20303399448
199.788042087944
199.340981130906
198.862575642769
198.353600940751
197.814881883389
197.247291533746
196.651749744504
196.029221667225
195.380716188197
194.707284293409
194.010017365289
193.290045413983
192.548535246029
191.786688573395
191.005740065956
190.206955350548
189.391628959862
188.561082234489
187.716661181514
186.859734293145
185.991690328893
185.11393606491
184.227894014133
183.335000120911
182.436701433885
181.53445376085
180.62971930944
179.723964317431
178.818656676514
177.915263553391
177.015249012046
176.120071641034
175.231182189663
174.35002121686
173.478016756566
172.616582003426
171.767113022521
170.93098648687
170.109557446356
169.304157131691
168.51609079699
167.74663560444
166.997038554493
166.268514464942
165.562244002159
164.879371767667
164.221004443172
163.588208997043
162.982010955151
162.403392738877
161.853292072969
161.332600465843
160.842161764776
160.382770788346
159.955172038326
159.560058493124
159.198070484724
158.869794660944
158.575763034701
158.316452121811
158.092282168742
157.903616471545
157.750760787087
157.633962837536
157.553411908891
157.509238544225
157.501514332119
157.530251790645
157.595404347081
157.696866413384
157.834473557311
158.008002768905
158.217172821907
158.461644729519
158.74102229378
159.054852747651
159.402627488784
159.783782903776
160.197701281577
160.64371181457
161.121091685699
161.629067239891
162.166815237855
162.733464190253
163.328095770058
163.949746300819
164.597408318424
165.270032203822
165.966527884065
166.685766598915
167.426582730136
168.187775690536
168.968111869665
169.766326633041
170.581126371654
171.411190598422
172.255174088208
173.111709057932
173.979407383237
174.856862848123
175.742653423897
176.635343573753
177.533486579248
178.435626884884
179.340302457031
180.246047153336
181.151393098792
182.054873064619
182.955022846096
183.85038363549
184.739504386244
185.620944164578
186.493274484711
187.355081623903
188.204968913573
189.041559002778
189.863496090388
190.669448122336
191.458108950377
192.228200448874
192.978474586159
193.707715447131
194.4147412038
195.098406030593
195.757601961305
196.391260684708
196.998355275876
197.577901860458
198.128961209165
198.650640259914
199.14209356515
199.602524661998
200.031187363038
200.427386965592
200.790481377583
201.119882158123
201.415055471161
201.675522950629
201.900862475697
202.090708854873
202.244754417843
202.36274951409
202.444502917485
202.489882136191
202.498813627387
202.471282916451
202.407334620416
202.307072375667
202.170658669982
201.998314579201
201.790319408943
201.547010241957
201.268781391834
200.956083763977
200.609424124843
200.229364280671
199.816520166997
199.371560850457
198.895207444475
198.388231940608
197.851455957436
197.285749409024
196.692029095113
196.07125721533
195.424439809822
194.752625128837
194.056901933904
193.338397733352
192.59827695504
191.837739059253
191.058016594826
190.260373201635
189.446101562715
188.616521309293
187.772976882166
186.916835352856
186.049484208101
185.172329101249
184.286791574227
183.394306753739
182.49632102547
181.594289690026
180.68967460444
179.783941813038
178.878559171533
177.974993968177
177.074710545827
176.1791679288
175.289817458327
174.408100440478
173.535445810337
172.673267816229
171.822963727754
170.985911571329
170.163467896924
169.356965579594
168.567711659393
167.796985223139
167.046035331497
166.316078994715
165.608299200301
164.923842995847
164.263819630082
163.629298755202
163.021308693356
162.440834770122
161.888817717659
161.366152150132
160.873685113872
160.412214714634
159.982488824162
159.585203868166
159.221003697679
158.890478545611
158.5941640702
158.332540486915
158.106031790199
157.915005066337
157.75976989854
157.640577865235
157.557622132338
157.511037140215
157.500898385797
157.527222300231
157.589966222251
157.689028467314
157.824248492395
157.995407156167
158.202227074145
158.444373068229
158.721452709895
159.033016956182
159.378560877421
159.757524475538
160.169293591602
160.613200901149
161.088526995666
161.594501548486
162.130304563198
162.695067702558
163.287875695738
163.907767821644
164.553739465882
165.224743748869
165.919693222429
166.637461632148
167.37688574261
168.136767222568
168.915874586994
169.712945192859
170.526687285405
171.355782091601
172.198885957379
173.054632525204
173.921634948424
174.798488138836
175.683771043812
176.57604894929
177.473875804921
178.37579656757
179.280349559404
180.186068836726
181.091486565725
181.995135401285
182.895550865012
183.7912737186
184.68085232872
185.562845019574
186.435822409315
187.298369726544
188.149089103125
188.986601839614
189.809550639614
190.616601809446
191.406447419574
192.177807424269
192.929431736087
193.660102251797
194.368634826471
195.053881192544
195.714730820725
196.350112719757
196.95899717209
197.540397402672
198.093371178146
198.617022333854
199.110502226192
199.573011107945
200.003799424374
200.402169027972
200.767474309896
201.099123246263
201.396578357596
201.659357579883
201.887035045818
202.079241774978
202.2356662718
202.356055030402
202.440212945417
202.488003628191
202.499349627818
202.474232556654
202.412693120124
202.314831050746
202.180804946508
202.010832013836
201.805187715585
201.564205324615
201.288275383681
200.977845072507
200.633417483076
200.255550804304
199.844857417422
199.40200290354
198.927704964979
198.422732262149
197.887903167835
197.324084440919
196.732189821687
196.113178550995
195.468053815696
194.797861122853
194.103686605353
193.386655261696
192.647929132788
191.888705418708
191.11021453849
190.313718136071
189.500507035641
188.671899149689
187.829237343166
186.973887257195
186.107235095877
185.230685379772
184.345658669689
183.453589264492
182.555922876631
181.65411428918
180.749624998179
179.84392084409
178.938469636215
178.034738773925
177.134192868552
176.238291369796
175.348486200505
174.466219403645
173.592920805286
172.730005697389
171.878872544138
171.040900715558
170.217448252062
169.409849663581
168.619413766811
167.847421564119
167.095124167503
166.363740771017
165.654456674902
164.96842136466
164.306746648165
163.670504853838
163.060727092797
162.478401587815
161.924472071777
161.399836258237
160.905344386564
160.441797844017
160.009947866994
159.610494323561
159.244084579222
158.911312447784
158.612717229003
158.348782834584
158.119937003934
157.926550610962
157.768937063026
157.647351793019
157.561991845406
157.512995556887
157.50044233221
157.524352515478
157.584687357185
157.68134907701
157.814181022286
157.982967921874
158.187436235038
158.427254594752
158.702034344721
159.011330169253
159.354640814947
159.731409903035
160.141026831072
160.582827762489
161.056096702429
161.560066658105
162.093920881812
162.656794194571
163.247774388261
163.865903703969
164.510180384161
165.179560296159
165.872958624288
166.589251627965
167.327278462855
168.085843062176
168.863716075074
169.659636858944
170.472315522462
171.300435016017
172.142653266163
172.997605350616
173.863905710287
174.740150394757
175.624919337558
176.516778657571
177.414282982818
178.315977792865
179.220401776065
180.126089197794
181.031572275869
181.935383559268
182.836058306327
183.73213685854
184.622167006122
185.504706341503
186.378324596926
187.241605962388
188.093151380135
188.931580812018
189.755535476016
190.563680048321
191.354704827397
192.127327856522
192.880297001359
193.612391979204
194.322426336606
195.009249372167
195.671748001406
196.308848560645
196.919518547027
197.502768291815
198.057652564275
198.583272103548
199.078775076013
199.543358455791
199.976269326158
200.376806099734
200.744319655504
201.078214390791
201.377949186517
201.643038284149
201.873052072932
202.067617786135
202.226420105159
202.349201670556
202.435763499113
202.485965306325
202.49972573375
202.477022480857
202.417892341169
202.322431142632
202.190793592314
202.023193025686
201.819901060879
201.581247158498
201.307618087683
200.999457299305
200.657264207295
200.28159337928
199.873053637837
199.432307073814
198.960067973332
198.457101660192
197.924223255568
197.362296356998
196.77223163882
196.154985376301
195.511557895874
194.842991953981
194.150371047153
193.434817656066
192.697491426414
191.939587289561
191.162333525997
190.366989774754
189.554844992002
188.727215362128
187.885442164693
187.030889600714
186.164942581809
185.289004485762
184.404494882174
183.512847231873
182.6155065638
181.713927133159
180.809570064613
179.903900984338
178.998387644798
178.094497546053
177.1936955575
176.297441543854
175.407187999258
174.524377693329
173.650441332961
172.786795243691
171.934839074351
171.095953528768
170.271498128152
169.462809007821
168.671196751818
167.897944268948
167.144304713656
166.411499455135
165.700716097936
165.013106557304
164.349785192355
163.711827000114
163.100265873342
162.516092924983
161.96025488194
161.433652550779
160.937139357863
160.471519966259
160.037548971683
159.635929679579
159.267312965326
158.932296219405
158.63142237926
158.365179049389
158.133997711128
157.938253023371
157.778262215396
157.654284572749
157.566521017041
157.515113780326
157.500146174601
157.521642456782
157.579567789398
157.673828297046
157.80427121853
157.970685154429
158.172800409698
158.410289430742
158.682767336257
158.989792540984
159.330867471351
159.705439371853
160.112901200868
160.552592614441
161.023801036457
161.525762813462
162.057664452261
162.618643938289
163.207792132613
163.824154245308
164.46673138282
165.134482166795
165.82632442177
166.541136928975
167.277761243412
168.035003571261
168.811636704577
169.606402010139
170.418011469223
171.245149765002
172.086476414184
172.940627939439
173.806220079088
174.68185003047
175.566098723373
176.45753311981
177.354708536443
178.256170985879
179.160459533039
180.066108662794
180.971650655013
181.8756179632
182.776545592831
183.672973475573
184.563448835506
185.446528543533
186.320781456159
187.184790734836
188.037156142133
188.876496311004
189.701450983461
190.510683215056
191.302881541562
192.076762104373
192.831070731158
193.564584968411
194.27611606259
194.964510886646
195.628653808809
196.26746850062
196.879919681247
197.465014795301
198.021805621394
198.549389808849
199.046912340084
199.513566916267
199.948597264035
200.351298361125
200.721017578957
201.0571557403
201.359168090315
201.626565179402
201.858913656411
202.055836970951
202.217015983627
202.342189483258
202.431154610193
202.483767185077
202.499941942511
202.479652669233
202.422932246603
202.329872597313
202.200624536414
202.035397526904
201.834459340262
201.598135622494
201.326809366378
201.02092029078
200.68096412803
200.307491820526
199.90110862786
199.462473145919
198.992296239544
198.491339890489
197.960415962521
197.400384885703
196.812154261949
196.196677394142
195.554951741186
194.888017301493
194.196954927537
193.482884574191
192.746963483698
191.990384310214
191.214373186957
190.420187739101
189.609115045638
188.782469553497
187.941590947318
187.08784197832
186.222606255789
185.347286004766
184.463299793555
183.572080234757
182.675071663538
181.773727796896
180.869509377733
179.963881807527
179.058312771467
178.154269859878
177.253218189809
176.356618030617
175.465922437417
174.582574896221
173.708006984585
172.843636051552
171.990862920658
171.15106961972
170.325617141082
169.515843235953
168.723060246409
167.948552978579
167.193576620448
166.459354707666
165.747077140655
165.057898256218
164.392934956794
163.75326490037
163.139924754003
162.553908513767
161.996165893852
161.467600787438
160.969069801813
160.501380870135
160.065291942076
159.661509755461
159.290688690915
158.953429711352
158.65027938804
158.38172901481
158.148213811856
157.9501122204
157.787745289381
157.661376155157
157.571209615056
157.517391795477
157.500009915073
157.519092143401
157.574607555272
157.666466180869
157.794519151552
157.95855894112
158.158319702137
158.393477696764
158.663651821426
158.968404224435
159.307241015582
159.679613066556
160.08491690087
160.522495671875
160.991640227263
161.491590258342
162.021535532207
162.580617204832
163.167929212932
163.782519742359
164.423392770633
165.08950968113
165.779790946285
166.493117877114
167.228334436182
167.984249111119
168.759636845612
169.553241024765
170.363775511609
171.189926731446
172.030355800669
172.883700696591
173.748578464775
174.623587460295
175.507309619274
176.398312757041
177.295152889169
178.196376571636
179.100523256315
180.006127657983
180.911722128998
181.815839037814
182.71701314746
183.613783990152
184.504698234157
185.388312039114
186.263193395953
187.127924447652
187.981103787056
188.821348728036
189.647297546307
190.45761168628
191.250977930357
192.026110527173
192.781753275316
193.516681559165
194.229704333535
194.919666053918
195.585448549192
196.225972833754
196.840200856165
197.427137181433
197.985830604252
198.515375690545
199.014914244843
199.483636701091
199.920783434661
200.325645993418
200.697568245856
201.035947444446
201.34023520246
201.609938382711
201.844619896732
202.043899413147
202.207453974037
202.33501851834
202.426386311412
202.48140928007
202.499998252564
202.482123103088
202.427812800607
202.337155361905
202.210297708944
202.047445430759
201.848862450275
201.614870596584
201.345849083382
201.042233894404
200.704517076856
200.333245943991
199.929022188116
199.492500905475
199.02438953458
198.525446709719
197.996481031487
197.438349756353
196.851957407359
196.238254308229
195.598235043249
194.93293684541
194.243437915449
193.530855674476
192.79634495306
192.041096119671
191.266333151543
190.473311651055
189.663316810872
188.837661331126
187.997683292014
187.144743985271
186.280225708025
185.4055295226
184.522072985925
183.631287852196
182.734617752537
181.833515855411
180.929442511574
180.023862887394
179.118244590356
178.214055290619
177.312760342473
176.415820409538
175.524689097575
174.640810598736
173.76561735106
172.900527717027
172.04694368492
171.206248596725
170.379804906248
169.568951971083
168.775003882012
167.999247333357
167.242939537721
166.50730618852
165.793539473589
165.102796143084
164.436195634831
163.794818260121
163.17970345294
162.591848085425
162.032204852309
161.501680726956
161.001135491495
160.531380343436
160.093176581015
159.687234369418
159.314211589866
158.974712773435
158.669288121332
158.398432613232
158.162585205091
157.962128117769
157.797386217588
157.668626489845
157.576057606132
157.519829586152
157.500033554595
157.516701593459
157.569806690059
157.659262780799
157.784924890656
157.946589368124
158.143994215262
158.376819512294
158.644687936076
158.947165371604
159.283761615545
159.65393117068
160.057074129949
160.492537148677
160.959614503404
161.457549235598
161.985534378405
162.542714264441
163.12818591251
163.741000491002
164.380164855593
165.044643158766
165.73335852853
166.445194813633
167.178998392423
167.933580042444
168.70771686772
169.500154280616
170.309608035053
171.134766307801
171.974291824448
172.826824026631
173.690981276987
174.565363098281
175.448552443052
176.339117990122
177.235616464236
178.136594975073
179.040593371837
179.946146609625
180.851787123713
181.756047207935
182.657461393289
183.554568822913
184.445915619597
185.330057241968
186.205560825564
187.071007504963
187.924994713246
188.766138455028
189.593075549402
190.404465839153
191.198994362643
191.975373484884
192.732344984313
193.468682091896
194.18319147927
194.874715192681
195.542132529595
196.184361854943
196.800362354047
197.38913571939
197.949727768509
198.481229990362
198.982781017688
199.453568022964
199.892828035698
200.299849178915
200.673971822846
201.014589653947
201.321150657502
201.593158012235
201.830170895475
202.03180519756
202.197734144343
202.327688826763
202.421458636655
202.478891608059
202.499894663509
202.484433764868
202.4325339685
202.344279384654
202.21981304116
202.059336651631
201.863110288559
201.631451961839
201.364737103387
201.063397958708
200.72792288639
200.358855566649
199.956794120233
199.522390139087
199.056347630365
198.559421875498
198.032418206165
197.476190699145
196.891640792184
196.279715823091
195.641407494465
194.977750266508
194.289819680553
193.578730616009
192.845635483563
192.091722357542
191.318213050495
190.526361133083
189.717449902513
188.892790302787
188.053718800154
187.201595217189
186.337800529035
185.463734625349
184.580814041607
183.690469663426
182.794144407627
181.893290883811
180.989369040214
180.083843797676
179.178182675552
178.273853413405
177.372321592349
176.475048259888
175.583487562102
174.699084387015
173.823272022971
172.957469835807
172.103080968591
171.261490067647
170.434061038558
169.622134835786
168.827027289482
168.050026973014
167.292393114672
166.555353556925
165.840102766547
165.147799898831
164.479566919029
163.836486784064
163.21960168746
162.629911370336
162.068371501194
161.53589212714
161.033336199033
160.561518172966
160.121202690334
159.713103338636
159.337881495012
158.996145254404
158.68844844405
158.415289725948
158.1771117887
157.974300630086
157.807184931502
157.676035525288
157.581064955815
157.522427135025
157.500217092998
157.514470823946
157.565165227876
157.652218148029
157.775488504026
157.934776520504
158.129824050882
158.360314995714
158.625875814975
158.926076133428
159.260429438099
159.628393866739
160.029373085976
160.462717257754
160.927724092473
161.423639987145
161.9496612467
162.504935386477
163.088562513786
163.699596786299
164.337047944904
164.999882918554
165.687027498483
166.397368079104
167.129753462748
167.882996725322
168.65587713988
169.447142154959
170.255509424503
171.079668886069
171.918284883946
172.769998333761
173.633428925046
174.507177358207
175.389827612272
176.279949239728
177.176099684748
178.076826621035
178.980670305505
179.886165943984
180.791846065095
181.696242898484
182.597890753529
183.495328394678
184.387101409568
185.27176456609
186.147884154564
187.014040311258
187.86882931945
188.710865884338
189.538785378083
190.351246051361
191.146931207846
191.924551338076
192.682846209276
193.42058690772
194.136577830346
194.829658622382
195.498706057851
196.1426358599
196.76040445801
197.351010679236
197.913497370737
198.44695295096
198.950512886978
199.423361095575
199.864731265815
200.273908100943
200.650228477618
200.993082520586
201.301914591066
201.576224187228
201.815566755323
202.019554410139
202.187856563619
202.320200460618
202.416371620942
202.476214186938
202.499631176082
202.486584638151
202.437095716727
202.35124461493
202.229170465439
202.071071105012
201.877202753861
201.647879600421
201.383473292161
201.084412333288
200.751181390295
200.384320506503
199.984424226847
199.552140634343
199.088170299784
198.593265146379
198.068227231162
197.51390744516
196.931204134408
196.321061644075
195.684468788023
195.022457246312
194.336099893229
193.626509058561
192.894834724919
192.142262664046
191.370012515123
190.579335808183
189.771513935856
188.9478560767
188.109697073513
187.258395270051
186.395330309657
185.521900899371
184.639522543151
183.749625247862
182.853651205774
181.953052457298
181.049288537776
180.143824112112
179.238126601098
178.333663803271
177.431901516156
176.534301160758
175.642317413138
174.757395846926
173.880970590586
173.014462003226
172.159274372725
171.316793639904
170.488385152433
169.675391452112
168.879130099108
168.100891536679
167.341936999852
166.603496471424
165.886766688621
165.192909203631
164.523048501165
163.878270176075
163.259619174022
162.668098097998
162.104665583485
161.570234744862
161.065671695586
160.591794144547
160.149370070863
159.739116479273
159.36169823814
159.017727001946
158.707760220028
158.432300233161
158.191793459448
157.986629670846
157.817141361487
157.683603208832
157.58623162852
157.525184423638
157.50056052898
157.512399850715
157.560683201708
157.645332332621
157.766210058722
157.92312048221
158.115809309696
158.343964264316
158.607215591815
158.90513665978
159.237244649057
159.603001336215
160.001813965811
160.433036211022
160.895969221104
161.389862753964
161.91391639203
162.467280839422
163.049059298351
163.65830892249
164.294042344982
164.955229278587
165.640798185401
166.349638013415
167.080599997121
167.832499519229
168.604118030495
169.394205024533
170.20148006442
171.024634857809
171.862335377184
172.713224021821
173.575921817954
174.449030653578
175.33113554427
176.220806926349
177.116602973667
178.017071934275
178.92075448317
179.826186087319
180.731899379121
181.636426534466
182.538301651526
183.436063126445
184.328256022045
185.213434425745
186.090163792842
186.95702327138
187.812608004815
188.655531408769
189.484427418167
190.297952701119
191.09478883596
191.873644447923
192.633257301975
193.372396348431
194.089863718028
194.784496663223
195.455169442575
196.100795145155
196.72032745202
197.312762331911
197.87713966841
198.412544815933
198.91811008203
199.393016133593
199.836493324685
200.247822943857
200.626338378906
200.971426197206
201.282527139856
201.559137028031
201.800807580063
202.007147137946
202.177821302061
202.31255347312
202.411125300424
202.473377035733
202.499207792156
202.488575707652
202.441498012872
202.358051003235
202.238369915283
202.082648707511
201.891139746031
201.664153395585
201.402057516555
201.105276868801
200.774292423283
200.409640582583
200.011912311601
199.581752179817
199.119857316686
198.626976281849
198.103907851998
197.551499726356
196.970647152871
196.362291477352
195.727418617903
195.067057467107
194.382278224583
193.674190662588
192.943942327488
192.192716680012
191.421731177306
190.632235299883
189.825508526689
189.002858261531
188.165617714275
187.315143740202
186.452814641048
185.5800279313
184.698198073335
183.808754185108
182.913137724083
182.012800151168
181.109200578435
180.203803404443
179.298075940995
178.393486035168
177.491499690484
176.593578691059
175.701178232601
174.815744564073
173.938712643865
173.071503814262
172.215523497976
171.372158920475
170.542776861813
169.728721441586
168.931311940614
168.151840662876
167.391570841172
166.651734589884
165.933530908188
165.238123736912
164.566640072231
163.920168139216
163.299755628236
162.706407997031
162.141086841252
161.604708336061
161.098141751359
160.622208043019
160.177678522425
159.765273606463
159.385661649991
159.039457862688
158.727223312024
158.449464013984
158.206630112998
157.99911515243
157.827255436787
157.691329486697
157.591557587529
157.528101432394
157.501063860098
157.510488688483
157.556360643408
157.638605383511
157.757089620682
157.911621336076
158.101950091304
158.327767434299
158.588707399206
158.88434709947
159.214207413184
159.577753759564
159.974396965306
160.403494219415
160.864350114966
161.356217776098
161.878300068421
162.429750890873
163.009676546938
163.617137192995
164.251148361452
164.910682556203
165.594670917818
166.302004955764
167.031538344858
167.78208878303
168.5524399074
169.341343265542
170.147520338768
170.969664614126
171.806443701773
172.656501494283
173.518460364392
174.390923397621
175.27247665615
176.161691470288
177.057126753815
177.957331339446
178.86084633063
179.766207465884
180.671947491811
181.576598540973
182.47869451076
183.376773439392
184.269379875218
185.155067235463
186.032400150595
186.899956790529
187.756331168884
188.600135421562
189.430002055958
190.244586167162
191.042567617542
191.822653176201
192.583578614819
193.324110756502
194.043049474296
194.739229636152
195.411522993166
196.058840008055
196.680131620891
197.274390949232
197.84065491991
198.378005829808
198.88557283312
199.362533352667
199.808114412985
200.221593893035
200.602301696489
200.94962083771
201.262988441653
201.541896656076
201.785893474583
201.994583469153
202.167628430987
202.304747918615
202.405719712386
202.470380174607
202.49862451474
202.49040695922
202.445740825648
202.364698501198
202.247411325314
202.094069376849
201.904921166023
201.680273231679
201.420489644496
201.125991416972
200.797255821111
200.434815614948
200.039258179147
199.611224565071
199.151408455882
198.660555042335
198.139459815103
197.58896727558
197.009969567264
196.403405029918
195.770256678875
195.111550611936
194.428354346442
193.721775089235
192.992957942279
192.243084046881
191.473368669499
190.685059232247
189.879433291291
189.057796466402
188.221480325034
187.37184022435
186.51025311469
185.638115308049
184.756840215175
183.867856054956
182.972603539808
182.072533540818
181.169104736419
180.26378124842
179.358030269204
178.453319683962
177.551115691788
176.652880429528
175.760069602189
174.874130123792
173.996497772456
173.128594863541
172.271827944602
171.427585515899
170.597235780156
169.782124425212
168.983572443164
168.202873989529
167.441294285901
166.700067569496
165.980395092912
165.28344317735
164.610341322439
163.962180375734
163.340010764866
162.744840795183
162.177635015665
161.639312655748
161.130746135599
160.652759652242
160.206127843844
159.791574534318
159.409771560268
159.061337682197
158.746837581722
158.46678094644
158.221621643911
158.011756986109
157.837527085525
157.699214303975
157.597042794993
157.531178140565
157.501727082777
157.508737350832
157.552197583694
157.632037348505
157.748127254723
157.900279163823
158.088246494197
158.311724620768
158.570351368679
158.863707600241
159.191317894198
159.552651316212
159.947122279303
160.374091492876
160.832866998766
161.32270529265
161.842812528984
162.39234580754
162.970414539427
163.576081890404
164.208366299145
164.866243067978
165.548646023544
166.254469244663
166.982568854623
167.731764874977
168.500843137852
169.288557253656
170.09363063102
170.914758545673
171.750610254915
172.599831154254
173.46104497272
174.332856003283
175.213851364777
176.102603291656
176.997671447868
177.897605261102
178.800946273631
179.706230505926
180.61199082922
181.516759343183
182.419069754835
183.317459754867
184.210473387499
185.096663410037
185.974593638325
186.842841274254
187.699999211596
188.544678316394
189.375509678237
190.191146828747
190.990267923709
191.771577885285
192.533810500857
193.275730475079
193.996135431841
194.693857862864
195.367767019802
196.016770746761
196.639817250279
197.235896803891
197.804043384519
198.34333623804
198.852901371477
199.331912969427
199.779594732392
200.195221134875
200.578118601187
200.927666597062
201.243298635309
201.524503193885
201.770824544871
201.981863493048
202.157278022834
202.296783852573
202.400154895242
202.467223624858
202.497881347978
202.492078379842
202.449824124903
202.371187061579
202.256294631279
202.105333031865
201.918546915898
201.696238994145
201.438769544996
201.14655583059
200.820071420588
200.45984542469
200.066461635148
199.640557580656
199.182823493151
198.694001189207
198.174882867822
197.626309826565
197.049171098139
196.444402009593
195.812982666508
195.155936364603
194.474327931361
193.769262000337
193.041881220956
192.29336440671
191.524924624733
190.737807229875
189.933287846442
189.112670300887
188.277284508794
187.428484319575
186.567645322386
185.696162616812
184.815448551923
183.926930437391
183.032048230347
182.132252201743
181.229000586011
180.323757217801
179.417989159653
178.513164324435
177.610749096401
176.712205954728
175.818991103384
174.932552111159
174.054325565701
173.185734745337
172.328187312469
171.48307303228
170.651761520441
169.835600023473
169.035911235362
168.253991153964
167.491106980676
166.748495066774
166.027358909747
165.328867202876
164.654151941219
164.004306587063
163.380384297836
162.783396219324
162.214309846987
161.674047458002
161.163484616599
160.683448755096
160.234717832941
159.818019075926
159.43402779763
159.08336630498
158.766602889729
158.484250907465
158.236767945649
158.024555082042
157.847956234704
157.707257604632
157.602687211931
157.534414526284
157.502550192302
157.507145850208
157.548194052152
157.625628274279
157.739323024536
157.889094046056
158.074698615761
158.295835937732
158.552147630684
158.84321830877
159.168576254766
159.527694184551
159.919990101634
160.34482824036
160.801520096242
161.289325541778
161.807454025916
162.355065855248
162.931273554837
163.535143306482
164.165696462097
164.821911129727
165.50272382966
166.207031217929
166.933691874423
167.681528152702
168.449328088527
169.235847364003
170.039811324149
170.859917042648
171.694835433398
172.543213404469
173.403676050966
174.274828883226
175.155260086781
176.043542810371
176.93823747835
177.837894123694
178.74105473786
179.646255633678
180.552029817439
181.456909366348
182.359427807482
183.258122494392
184.151536977512
185.038223364523
185.916744666844
186.785677128456
187.643612533282
188.489160487382
189.320950672261
190.137635065647
190.937890126134
191.72041893815
192.483953313771
193.227255847985
193.949121924065
194.648381665802
195.323901833442
195.974587660242
196.599384626682
197.197280169449
197.767305322423
198.308536287012
198.820095929286
199.301155201482
199.750934485586
200.168704856801
200.55378926486
200.90556363128
201.223457860754
201.506956765065
201.755600898018
201.968987300025
202.146770151158
202.288661331592
202.394430888539
202.463907408918
202.496978297152
202.49358995764
202.453747881619
202.377516638265
202.265019770046
202.116439592512
201.932016898824
201.712050569521
201.456897088144
201.166969963511
200.84273905957
200.484729833929
200.09352248628
199.669751018113
199.214102205238
198.727314484774
198.210176758418
197.66352711393
197.088251466904
196.485282125028
195.855596277161
195.200214409674
194.520198652621
193.816651058421
193.090711815842
192.343557402179
191.576398676621
190.790478917905
189.987071809414
189.167479375018
188.333029868976
187.485075623329
186.624990856273
185.754169445068
184.874022667072
183.985976912596
183.091471373248
182.191955709547
181.288887701553
180.383730886361
179.477952186237
178.573019531297
177.670399480531
176.771554845057
175.877942317452
174.991010110992
174.112195612641
173.242923053577
172.384601201051
171.538621075289
170.706353695177
169.88914785634
169.088327945256
168.305191792909
167.541008571495
166.797016737562
166.074422024938
165.374395490679
164.698071617225
164.046546473827
163.420875940224
162.822073995457
162.251111074586
161.708912495975
161.196356961698
160.714275133486
160.263448286536
159.844607043357
159.458430189697
159.10554357449
158.786519095583
158.501873772905
158.252068910571
158.037509349278
157.858542810209
157.715459331506
157.608490798229
157.537810566553
157.503533182824
157.505714197922
157.544350077233
157.619378206379
157.73067699269
157.878066062263
158.061306552277
158.280101498107
158.534096314589
158.822879370668
159.145982656505
159.502882541943
159.893000625117
160.315704669829
160.770309630164
161.256078760701
161.772224810498
162.317911298932
162.892253871328
163.494321732165
164.123139153548
164.777687056502
165.45690466252
166.159691212688
166.884907751608
167.631378973218
168.397895125527
169.183213971174
169.98606280063
170.805140494788
171.639119633592
172.48664864729
173.346354006829
174.216842449828
175.096703238546
175.984510446154
176.87882526764
177.778198351568
178.681172148945
179.58628327536
180.492064882587
181.397049035802
182.299769092554
183.198762079652
184.092571064099
184.979747514233
185.858853647262
186.728464759376
187.58717153466
188.433582329067
189.266325425759
190.08405125815
190.885434597048
191.669176698362
192.434007407878
193.178687219709
193.902009285074
194.602801368147
195.279927745818
195.932291048278
196.558834037441
197.158541320342
197.730440994705
198.273606224036
198.787156739682
199.270260267416
199.722133876245
200.142045247252
200.529313860407
200.883312097444
201.203466258987
201.489257494314
201.740222642211
201.955954981591
202.136104890635
202.280380413396
202.388547732956
202.460431550355
202.49591536868
202.494941681871
202.457512067911
202.383687186273
202.27358667961
202.127388979859
201.945331019074
201.72770784544
201.474872145116
201.18723367066
200.865258576969
200.509468665823
200.12044054023
199.698804669975
199.245244369856
198.760494692292
198.24534123607
197.700618873187
197.12721039583
196.526045085702
195.898097207997
195.244384432483
194.565966184237
193.863941926712
193.139449379913
192.393662676581
191.627790459356
190.84307392202
190.040784797987
189.222223299288
188.388716009418
187.541613733438
186.682289308818
185.812135380585
184.932562144357
184.044995060946
183.150872546214
182.251643639937
181.348765657451
180.443701827887
179.53791892282
178.632884879178
177.730066420264
176.830926678743
175.936922825448
175.04950370785
174.170107502013
173.300159381848
172.441069209436
171.594229250167
170.761011916395
169.942767543268
169.140822200338
168.356475542499
167.590998703725
166.845632237036
166.121584104026
165.420027717206
164.742100038339
164.088899735845
163.461485404274
162.860873848713
162.288038436928
161.743907521896
161.229362937285
160.74523856834
160.292319000455
159.871338247659
159.482978563051
159.127869333119
158.806586057744
158.519649417522
158.26752442994
158.050619695755
157.869286736803
157.723819426311
157.614453512644
157.541366237236
157.504676047357
157.504442404147
157.540665686255
157.613287189224
157.722189220629
157.867195290815
158.048070398917
158.264521413712
158.516197548676
158.802690930475
159.123537259978
159.478216564716
159.866154041557
160.286720988254
160.739235822334
161.222965185692
161.737125133088
162.280882402635
162.853355766201
163.453617457556
164.080694675936
164.733571162585
165.411188847741
166.112449565367
166.83621683287
167.581317692917
168.346544614365
169.130657449215
169.932385442433
170.750429291371
171.58346325145
172.430137284701
173.289079247676
174.158897115177
175.038181236215
175.925506618526
176.819435237955
177.718518368958
178.621298932448
179.526313857172
180.432096450814
181.337178776947
182.240094034023
183.139378932503
184.033576066307
184.921236274731
185.80092099099
186.671204573605
187.530676616835
188.377944236422
189.211634326933
190.030395787056
190.832901709233
191.617851530081
192.383973138125
193.130024935411
193.85479784968
194.557117293821
195.235845069439
195.889881211454
196.518165770734
197.119680531872
197.693450663346
198.238546297346
198.754084036751
199.239228386786
199.693193109043
200.115242495689
200.504692561767
200.860912153686
201.183323972083
201.471405507413
201.724689886739
201.942766630363
202.125282317058
202.271941156834
202.382505470303
202.456796073869
202.494692570115
202.496133542929
202.461116657029
202.389698661754
202.281995299088
202.138181116094
201.958489182029
201.743210710631
201.49269458817
201.207346808029
200.887629812746
200.534061744561
200.147215605704
199.727718329768
199.27624976569
198.793541575961
198.280376050876
197.737584840737
197.166047608051
196.566690601928
195.940485156976
195.288446119129
194.611630200957
193.911134269131
193.188093566812
192.443679873838
191.679099607713
190.895591868448
190.094426430441
189.27690168465
188.444342534379
187.598098248107
186.739540272821
185.87006001142
184.99106656776
184.103984463023
183.210251327101
182.311315568734
181.408634028173
180.50366961619
179.597888943241
178.692759942637
177.789749491569
176.890321033852
175.995932208221
175.108032486041
174.22806082226
173.35744332339
172.497590936327
171.649897161727
170.81573579566
169.996458703201
169.193393627554
168.407842038282
167.641077022106
166.894341219701
166.168844811847
165.465763558167
164.786236891665
164.131366072126
163.502212401386
162.899795503355
162.325091671585
161.779032287066
161.2625023088
160.776338839612
160.321329769522
159.898212498863
159.507672743234
159.150343422208
158.826803633605
158.53757771499
158.283134393919
158.063886028304
157.880187938134
157.732337829636
157.6205753128
157.545081513066
157.50597877778
157.503330477923
157.537140905402
157.607355266099
157.713859768672
157.856481808967
158.034990249745
158.249095795268
158.498451460146
158.782653131662
159.101240224697
159.453696428161
159.839450541741
160.257877401611
160.708298893582
161.189985052076
161.70215524313
162.243979429507
162.814579515888
163.413030771926
164.038363330897
164.689563761493
165.36557671021
166.065306611694
166.787619464235
167.531344667566
168.295276919971
169.078178171626
169.878779631024
170.695783821207
171.527866682499
172.373679718306
173.231852180538
174.100993291069
174.979694495682
175.866531746805
176.76006781136
177.65885459999
178.561435513866
179.466347805295
180.372124948291
181.277299015262
182.180403055979
183.079973474956
183.974552403393
184.862690061835
185.742947109732
186.613896978066
187.474128181297
188.322246604849
189.156877764453
189.976669033675
190.780291836019
191.566443798057
192.333850860087
193.081269340916
193.807487953398
194.511329767483
195.191654117583
195.847358451163
196.477380115573
197.080698080209
197.656334591223
198.2033567561
198.72087805553
199.208059780124
199.664112389652
200.088296792589
200.479925543913
200.838363959195
201.163031143185
201.453400931229
201.709002741986
201.929422340063
202.114302507339
202.263343621881
202.37630414352
202.453001005297
202.493309910149
202.497165532345
202.464561623356
202.395551021984
202.290245568725
202.14881592452
201.971491294179
201.758559054921
201.510364290647
201.227309232683
200.909852607917
200.55850889537
200.173847492419
199.756491792015
199.307118172396
198.826454900929
198.315280953858
197.774424753878
197.204762827564
196.607218384854
195.982759822865
195.332399156482
194.657190378262
193.9582277503
193.23664403084
192.493608638497
191.730325757059
190.948032383962
190.147996325567
189.331514142528
188.499909048543
187.65452876592
186.796743341422
185.927942925926
185.049535521511
184.16294469961
183.269607293929
182.370971071873
181.468492388258
180.563633825101
179.657861821315
178.752644296163
177.849448270302
176.949737488293
176.054970046412
175.166596029624
174.286055161529
173.414774471109
172.554165980046
171.705624414358
170.870524944071
170.050220954575
169.246041853296
168.459290915215
167.69124317075
166.943143339404
166.216203812537
165.511602688532
164.830481863539
164.173945180878
163.543056642131
162.938838682781
162.362270515233
161.814286541868
161.295774840732
160.807575726285
160.35048038757
159.925229605985
159.532512554756
159.172965682042
158.847171679487
158.555658537901
158.298898691575
158.077308252646
157.891246336732
157.741014480942
157.626856155193
157.548956367638
157.507441364835
157.50237842715
157.533775759722
157.601582479161
157.705688696014
157.845925692857
158.022066197716
158.2338247524
158.480858175114
158.762766116633
159.079091709119
159.429322306533
159.812890315442
160.229174114882
160.677499063765
161.157138594231
161.667315389139
162.207202641805
162.775925395958
163.372561963708
163.996145419266
164.645665165968
165.320068574076
166.018262686699
166.739115991069
167.481460252306
168.244092406684
169.025776511357
169.825245747358
170.641204472643
171.472330321844
172.31727634933
173.174673212105
174.043131389005
174.921243432591
175.807586250102
176.700723409756
177.599207468669
178.501582318625
179.406385545886
180.312150801215
181.217410176287
182.120696582623
183.020546129186
183.915500494815
184.804109291612
185.684932415487
186.556542380025
187.417526629913
188.266489830168
189.102056127453
189.922871379822
190.727605351287
191.514953867624
192.283640929965
193.032420782711
193.760079932441
194.46543911453
195.147355204299
195.804723069598
196.43647736181
197.041594242385
197.619093042105
198.168037850377
198.687539032001
199.176754668937
199.634891924738
200.061208329445
200.455012982856
200.815667674212
201.142587916506
201.435243893715
201.693161319436
201.915922205527
202.103165539509
202.254587869636
202.369943796676
202.449046371609
202.491767398605
202.498037642783
202.46784694241
202.401244225374
202.298337429887
202.15929332956
201.984337263123
201.773752769236
201.527881126977
201.247120802756
200.931926804553
200.582809944513
200.200336011113
199.785124852232
199.337849370604
198.859234433293
198.350055696959
197.811138350802
197.243355779236
196.647628146464
196.024920905232
195.376243232185
194.702646392374
194.005222035542
193.28510042697
192.543448615732
191.781468543349
191.000395095887
190.201494102662
189.38606028481
188.555415157019
187.71090488585
186.853898108099
185.985783712749
185.107968590095
184.2218753517
183.328940024874
182.430609725403
181.528340312315
180.623594028477
179.717837130839
178.812537514182
177.909162332205
177.009175619812
176.114035920463
175.225193922409
174.344090107675
173.472152417573
172.610793938534
171.761410612029
170.925378972261
170.104053915325
169.298766503414
168.510821807669
167.741496793145
166.992038249323
166.263660769532
165.557544782542
164.874834639529
164.216636759509
163.584017836243
162.978003109527
162.399574703655
161.849670035763
161.329180296626
160.83894900637
160.379770647436
159.952389377024
159.557497821089
159.195735951851
158.867690050642
158.57389175776
158.314817210875
158.090886273392
157.902461854009
157.749849318569
157.633295995187
157.552990773416
157.509063798126
157.501586258595
157.530570273131
157.595968869434
157.697676060724
157.835527017501
158.009298334678
158.218708393633
158.463417818608
158.743030026715
159.057091870644
159.40509437305
159.786473551413
160.200611332048
160.646836551766
161.124426045585
161.63260581871
162.170552300888
162.737393681111
163.3322113205
163.95404124107
164.601875687983
165.274664762747
165.971318124703
166.690706758067
167.431664801645
168.192991438254
168.973452840807
169.771784171882
170.586691633554
171.416854564162
172.260927578609
173.117542748728
173.985311820187
174.862828462331
175.748670547324
176.641402454882
177.539577398887
178.441739772082
179.346427505074
180.252174435801
181.157512685633
182.060975038265
182.961097317519
183.856420760233
184.745494380374
185.626877320546
186.499141187078
187.36087236493
188.210674308623
189.047169805529
189.869003207818
190.674842629457
191.463382104702
192.233343704582
192.983479607947
193.712574123721
194.419445661088
195.102948644403
195.761975369751
196.395457800123
197.002369296298
197.581726280655
198.132589831175
198.654067203092
199.145313275695
199.605531921959
200.033977298765
200.429955055639
200.792823460031
201.121994437328
201.416934523906
201.677165731668
201.902266322693
202.091871492713
202.245673962324
202.363424474973
202.444932200908
202.490065046447
202.498749868047
202.470972590843
202.406778231464
202.30627082507
202.169613256756
201.997026997571
201.788791745599
201.545244972673
201.266781377455
200.953852245781
200.60696471929
200.226680973543
199.813617306935
199.368443141918
198.891879940103
198.384700033049
197.847725370599
197.281826188799
196.687919599581
196.066968104454
195.419978034653
194.747997920253
194.052116790888
193.333462410838
192.593199451349
191.83252760313
191.0526796321
190.254919381537
189.440539723857
188.610860465345
187.767226207249
186.911004166674
186.043581960836
185.166365358248
184.280776000495
183.388249098283
182.490231105495
181.588177375026
180.683549800201
179.777814445589
178.872439171055
177.968891252912
177.068635006007
176.173129410612
175.283825747962
174.402165248268
173.529576755019
172.667474409357
171.817255358284
170.980297490404
170.157957202878
169.351567203212
168.562434349433
167.791837532156
167.041025601983
166.311215345575
165.603589513702
164.919294904436
164.259440504623
163.625095692628
163.017288505266
162.437003971744
161.885182517293
161.362718439083
160.870458456908
160.409200340965
159.979691618965
159.582628364671
159.218654069817
158.888358601254
158.59227724499
158.330889838693
158.104619994051
157.913834410259
157.75884227973
157.639894787017
157.557184701728
157.510846066126
157.500953977888
157.527524468409
157.590514476813
157.689821919743
157.825285856801
157.996686751367
158.203746826393
158.446130514572
158.723445002166
159.035240865617
159.381012799891
159.760200437389
160.172189256096
160.616311575492
161.091847638613
161.59802677851
162.134028667214
162.698984645179
163.291979129059
163.912051095526
164.558195638733
165.229365598891
165.924473259323
166.642392109255
167.381958669461
168.141974377837
168.921207531821
169.718395284525
170.532245691341
171.361439803699
172.204633806594
173.060461196411
173.927534995518
174.804450000037
175.68978505716
176.58210536831
177.479964814411
178.381908299514
179.286474108958
180.192196278275
181.097606968967
182.001238847325
182.901627462435
183.797313619505
184.686845744675
185.568782237482
186.441693807157
187.304165788968
188.154800436873
188.99221918874
189.815064900485
190.622004045498
191.411728875793
192.18295954138
192.934446164427
193.664970864844
194.373349734015
195.058434753475
195.719115655416
196.354321722023
196.963023520705
197.544234572424
198.09701295041
198.620462806674
199.113735823843
199.576032589967
200.00660389407
200.40475194034
200.769831478997
201.101250852003
201.398472951919
201.661016092356
201.88845478861
202.080420447214
202.236601963292
202.356746224741
202.440658522434
202.488202865773
202.499302203074
202.473938546443
202.412153000926
202.314045697894
202.179775632766
202.009560407339
201.803675877134
201.562455704336
201.286290817058
200.975628775784
200.630973048045
200.252882192483
199.84196895364
199.39889926892
198.924391189357
198.419213715923
197.884185553258
197.320173782861
196.728092457868
196.108901121717
195.463603253081
194.793244639604
194.098911683072
193.381729638755
192.642860791788
191.883502573544
191.104885621036
190.30827178252
189.494952072503
188.666244579494
187.823492329866
186.968061111317
186.101337259436
185.224725410965
184.339646227409
183.447534092668
182.549834788441
181.648003151152
180.743500714192
179.837793339328
178.932348841083
178.028634607953
177.128115224321
176.232250096905
175.342491089609
174.460280170587
173.587047075352
172.724206989709
171.873158256259
171.035280108212
170.211930434164
169.404443577457
168.614128173717
167.842265030031
167.090105049246
166.358867202713
165.64973655479
164.963862342298
164.302356112032
163.666289919358
163.05669459081
162.474558053506
161.920823734084
161.396389029758
160.902103853973
160.438769259011
160.007136137782
159.607904006909
159.241719873069
158.909177184439
158.610814868934
158.347116460807
158.118509317021
157.925363924662
157.767993300516
157.646652483787
157.561538122771
157.512788156166
157.500481589521
157.524638367201
157.585219340059
157.68212632889
157.815202283535
157.984231537409
158.188940157008
158.428996385858
158.70401118217
159.013538849326
159.357077758196
159.734071160082
160.14390808901
160.585924351872
161.059403604838
161.563578514282
162.097632000345
162.660698561119
163.251865675299
163.870175281044
164.514625328635
165.184171404432
165.877728423471
166.594172387988
167.332342208998
168.091041587992
168.869040955687
169.665079464705
170.477867032931
171.306086434265
172.148395433343
173.003428960813
173.869801325596
174.74610846058
175.630930198089
176.522832571443
177.420370138888
178.32208832612
179.226525783604
180.132216754883
181.037693452017
181.941488434327
182.842136986566
183.738179492683
184.628163801309
185.510647579158
186.384200648516
187.24740730502
188.098868611994
188.937204667598
189.76105684114
190.569089974911
191.359994547977
192.132488798423
192.885320800616
193.617270494108
194.327151660899
195.01381384786
195.67614423118
196.31306941985
196.923557195221
197.506618183852
198.061307460914
198.586726081562
199.082022537788
199.546394138401
199.979088309891
200.379403816068
200.746691894506
201.080357307946
201.379859308954
201.644712516269
201.87448770143
202.06881248439
202.227371937011
202.349909093439
202.436225366558
202.486180869817
202.499694643941
202.476744788132
202.417368495564
202.321661993105
202.189780385372
202.021937403359
201.818405058064
201.579513199658
201.30564898292
200.997256239806
200.654834760157
200.278939481733
199.870179590861
199.429217535169
198.956767950011
198.453596500304
197.920518639671
197.358398288897
196.768146435832
196.15071965902
195.507118577439
194.838386228875
194.145606379542
193.429901767703
192.692432284124
191.93439309233
191.157012691686
190.361550926454
189.549296944062
188.721567105869
187.879702853835
187.025068536545
186.159049198106
185.283048333506
184.398485614072
183.506794586711
182.609420350663
181.707817215533
180.8034463444
179.89777338581
178.99226609851
178.088391972754
177.187615852051
176.291397559194
175.401189530437
174.518434461632
173.644562970155
172.780991276411
171.929118908671
171.090326434947
170.265973225614
169.457395250375
168.665902913151
167.892778928402
167.139276242326
166.406616002301
165.695985577855
165.00853663639
164.345383276749
163.707600223683
163.096221086116
162.512236682057
161.956593432848
161.430191829368
160.933884972673
160.468477191438
160.034722738436
159.633324568179
159.264933197687
158.930145652247
158.62950449785
158.3634969619
158.132554143596
157.937050315283
157.777302315894
157.653569037472
157.566051005606
157.514890054446
157.500169096853
157.521911990017
157.580083496803
157.674589342852
157.805276369365
157.971932781318
158.174288490701
158.412015554234
158.684728704834
158.991985975999
159.333289418061
159.708085905184
160.115768031775
160.555675096858
161.027094174827
161.529261270834
162.061362558939
162.622535701017
163.211871244292
163.828414095218
164.471165067329
165.13908250055
165.831083949344
166.546047936944
167.282815772861
168.040193430679
168.816953483134
169.611837091315
170.423556044775
171.250794849237
172.092212858522
172.946446447239
173.812111220714
174.687804258576
175.572106388369
176.463584485509
177.360793795833
178.26228027702
179.166582955045
180.072236291875
180.977772560566
181.881724223892
182.782626312689
183.679018800012
184.569448967305
185.452473758713
186.326662119739
187.190597316448
188.042879231471
188.882126633069
189.706979413599
190.516100793739
191.30817948891
192.081931834386
192.836103865628
193.569473350502
194.280851770053
194.969086244661
195.633061402425
196.271701186768
196.883970600319
197.468877382265
198.025473616433
198.55285726751
199.050173642905
199.516616777892
199.951430741773
200.353910862964
200.723404871003
201.059313953641
201.361093727292
201.628255119272
201.860365160413
202.057047686735
202.217983949075
202.342913129658
202.431632764783
202.483999072947
202.499927187857
202.479391295966
202.422424678312
202.329119656578
202.199627443472
202.034157897671
201.832979183716
201.596417337416
201.32485573747
201.018734484147
200.678549686052
200.304852656113
199.898249018115
199.459397725205
198.989009991975
198.487848141847
197.956724371633
197.396499435263
196.808081248825
196.192423419172
195.55052369848
194.883422367261
194.192200548456
193.477978455341
192.741913576071
191.98519879783
191.209060473602
190.414756434705
189.603573952324
188.776827651315
187.935857379691
187.082026037227
186.216717366706
185.341333711389
184.457293742337
183.566030159272
182.668987368705
181.767619143094
180.863386264814
